PNGImages/FudanPed00064.png 141 98 240 387 1 317 101 400 395 1 400 112 517 407 1
PNGImages/PennPed00029.png 114 65 214 370 1 274 98 339 391 1 363 102 466 388 1 509 103 585 392 1
PNGImages/FudanPed00027.png 104 45 253 328 1
PNGImages/FudanPed00044.png 246 170 340 462 1 337 175 426 464 1 37 129 181 492 1 436 157 501 402 1
PNGImages/FudanPed00024.png 103 84 270 370 1
PNGImages/PennPed00006.png 111 72 199 412 1 231 96 329 388 1 443 108 608 435 1 3 102 69 397 1
PNGImages/PennPed00068.png 43 89 153 364 1 189 56 283 349 1 430 37 568 349 1 384 47 455 223 1
PNGImages/FudanPed00033.png 165 53 304 346 1
PNGImages/FudanPed00030.png 59 85 208 375 1
PNGImages/PennPed00048.png 27 33 118 326 1 116 35 198 321 1 263 21 385 369 1
PNGImages/PennPed00062.png 86 15 184 301 1 176 35 288 305 1 2 46 57 223 1 321 54 373 234 1
PNGImages/FudanPed00007.png 112 69 218 346 1 378 76 529 377 1 317 108 347 192 1
PNGImages/FudanPed00051.png 126 191 218 476 1
PNGImages/FudanPed00015.png 19 43 174 327 1
PNGImages/FudanPed00048.png 6 242 84 535 1 79 231 144 455 1 158 219 251 507 1 460 263 580 544 1
PNGImages/FudanPed00026.png 44 78 150 389 1 185 89 279 373 1
PNGImages/FudanPed00012.png 159 71 295 361 1 328 58 439 327 1
PNGImages/PennPed00049.png 82 48 176 346 1 175 45 253 337 1 252 81 307 237 1 310 77 368 240 1
PNGImages/PennPed00009.png 47 85 147 292 1 163 87 240 348 1 225 86 300 307 1 316 81 391 369 1 375 100 471 351 1 470 94 559 395 1 533 90 605 376 1
PNGImages/PennPed00054.png 43 22 128 317 1
PNGImages/FudanPed00034.png 111 37 254 330 1
PNGImages/PennPed00061.png 34 17 143 307 1 250 57 275 146 1
PNGImages/PennPed00017.png 115 50 204 387 1 259 49 398 336 1
PNGImages/PennPed00041.png 353 99 467 380 1
PNGImages/FudanPed00011.png 278 112 438 394 1
PNGImages/PennPed00046.png 21 58 111 323 1 318 22 420 319 1 421 62 441 119 1
PNGImages/PennPed00083.png 108 32 249 327 1 38 22 124 299 1
PNGImages/FudanPed00061.png 165 70 266 353 1 343 86 429 381 1 406 85 531 387 1
PNGImages/FudanPed00043.png 64 139 147 426 1 156 139 248 435 1 261 128 358 431 1
PNGImages/FudanPed00035.png 64 39 195 331 1
PNGImages/PennPed00015.png 123 98 280 414 1 286 91 448 378 1 749 94 834 382 1
PNGImages/PennPed00082.png 80 22 229 312 1
PNGImages/PennPed00008.png 47 71 177 366 1 199 77 305 329 1 256 74 394 345 1 343 53 421 278 1
PNGImages/PennPed00081.png 148 85 240 366 1 233 54 337 360 1 330 75 455 366 1
PNGImages/FudanPed00063.png 29 38 114 332 1 156 42 262 329 1 312 54 330 99 1 297 54 303 73 1 305 53 310 73 1
PNGImages/FudanPed00002.png 68 93 191 380 1
PNGImages/PennPed00032.png 98 50 203 329 1
PNGImages/FudanPed00039.png 137 137 199 311 1 231 130 331 410 1
PNGImages/PennPed00011.png 92 62 236 344 1 242 52 301 355 1
PNGImages/PennPed00053.png 15 29 124 325 1 169 27 266 329 1
PNGImages/FudanPed00036.png 131 98 279 394 1 802 120 937 381 1 244 133 330 363 1 726 145 789 345 1
PNGImages/FudanPed00059.png 35 54 135 330 1 159 36 252 329 1 270 45 380 328 1
PNGImages/FudanPed00016.png 80 86 205 383 1 279 94 400 361 1 411 101 495 378 1
PNGImages/PennPed00013.png 98 79 210 359 1 259 96 364 359 1 384 81 498 355 1 215 91 257 193 1
PNGImages/PennPed00044.png 71 36 170 329 1 253 63 336 282 1 332 54 408 276 1 181 76 225 193 1
PNGImages/PennPed00018.png 65 32 145 327 1 181 69 262 308 1
PNGImages/FudanPed00010.png 281 90 401 374 1
PNGImages/FudanPed00067.png 62 79 184 375 1
PNGImages/PennPed00094.png 122 27 256 322 1
PNGImages/FudanPed00060.png 188 141 291 427 1 293 130 384 430 1 395 149 498 427 1
PNGImages/PennPed00034.png 108 58 289 391 1 302 63 405 344 1 369 67 493 353 1 181 63 278 374 1
PNGImages/PennPed00020.png 142 121 264 379 1 387 76 516 365 1 445 77 607 369 1
PNGImages/FudanPed00062.png 175 25 255 321 1 291 34 377 330 1
PNGImages/FudanPed00041.png 351 161 439 437 1 284 181 357 439 1 42 186 110 388 1
PNGImages/PennPed00096.png 6 38 103 324 1 101 26 206 323 1
PNGImages/FudanPed00053.png 94 169 195 432 1 389 150 499 453 1
PNGImages/FudanPed00074.png 48 51 126 351 1 178 61 256 345 1
PNGImages/PennPed00039.png 326 73 411 360 1
PNGImages/PennPed00072.png 134 25 254 337 1 280 52 431 330 1
PNGImages/PennPed00040.png 203 42 318 330 1
PNGImages/FudanPed00057.png 22 91 143 406 1 131 93 205 358 1 237 83 312 356 1 343 117 388 267 1 386 116 427 250 1
PNGImages/PennPed00095.png 193 50 300 337 1 320 55 432 335 1
PNGImages/FudanPed00046.png 178 123 271 410 1 299 114 370 335 1 446 104 507 315 1 521 119 565 258 1
PNGImages/FudanPed00066.png 248 50 329 351 1
PNGImages/FudanPed00020.png 339 99 508 381 1
PNGImages/PennPed00012.png 114 122 212 403 1
PNGImages/PennPed00060.png 43 23 142 326 1 189 21 283 230 1 117 28 191 226 1 273 81 389 327 1 378 31 476 330 1
PNGImages/PennPed00030.png 139 37 253 339 1 3 37 95 342 1 316 43 448 339 1
PNGImages/PennPed00092.png 106 76 311 434 1 288 94 464 390 1
PNGImages/FudanPed00047.png 272 198 371 482 1 31 195 90 427 1 384 185 430 298 1
PNGImages/PennPed00005.png 68 130 159 405 1 165 154 252 410 1 263 144 415 439 1 540 169 666 440 1 602 156 701 396 1
PNGImages/FudanPed00054.png 97 135 182 418 1 287 114 358 332 1 364 121 437 329 1
PNGImages/PennPed00088.png 73 18 215 312 1
PNGImages/FudanPed00009.png 306 138 453 430 1 157 124 298 398 1
PNGImages/FudanPed00056.png 439 247 537 522 1 200 259 270 529 1 252 256 374 528 1
PNGImages/PennPed00087.png 23 16 148 322 1
PNGImages/PennPed00037.png 229 24 328 307 1
PNGImages/FudanPed00037.png 259 63 415 349 1 190 98 209 170 1
PNGImages/PennPed00004.png 67 61 170 410 1 155 91 253 385 1 228 94 325 391 1 417 101 516 391 1 595 112 734 397 1
PNGImages/PennPed00071.png 49 19 171 361 1 292 44 386 305 1 476 25 567 302 1 600 13 716 306 1 567 53 612 180 1 709 53 744 174 1
PNGImages/PennPed00057.png 158 64 261 352 1 198 18 266 294 1
PNGImages/FudanPed00049.png 127 123 213 412 1 214 106 317 392 1 315 107 435 387 1
PNGImages/PennPed00052.png 77 137 175 428 1 169 181 294 491 1 403 157 494 400 1 524 83 613 393 1 279 179 334 314 1
PNGImages/FudanPed00017.png 115 48 244 332 1
PNGImages/PennPed00042.png 273 37 379 312 1 403 36 472 310 1
PNGImages/FudanPed00005.png 188 59 320 336 1 2 53 40 158 1
PNGImages/PennPed00027.png 126 93 218 363 1 204 81 322 367 1 347 89 463 342 1
PNGImages/PennPed00059.png 80 44 177 337 1 381 36 529 323 1
PNGImages/PennPed00035.png 169 30 275 331 1 367 54 541 333 1 121 33 208 322 1
PNGImages/PennPed00036.png 56 62 164 330 1 514 34 636 328 1
PNGImages/FudanPed00028.png 7 16 149 303 1 186 18 316 321 1
PNGImages/FudanPed00032.png 456 162 573 453 1
PNGImages/PennPed00070.png 15 24 122 341 1 185 14 306 312 1
PNGImages/FudanPed00042.png 159 186 250 470 1 288 156 392 449 1
PNGImages/FudanPed00001.png 160 182 302 431 1 420 171 535 486 1
PNGImages/PennPed00056.png 175 106 271 398 1 140 122 193 384 1 257 98 306 386 1
PNGImages/FudanPed00055.png 148 178 277 530 1
PNGImages/PennPed00016.png 86 51 146 362 1 236 93 329 382 1 468 66 579 367 1
PNGImages/FudanPed00003.png 293 135 447 421 1
PNGImages/FudanPed00058.png 145 92 261 463 1 43 123 64 211 1 289 102 341 280 1 353 97 406 276 1 427 126 446 182 1 462 126 474 171 1 473 133 489 183 1 492 121 517 202 1
PNGImages/PennPed00021.png 68 118 218 407 1 464 81 588 382 1 559 111 681 381 1
PNGImages/FudanPed00025.png 226 69 396 354 1 44 87 94 256 1 128 74 189 262 1 180 53 228 255 1 213 73 273 262 1 314 62 383 266 1
PNGImages/FudanPed00070.png 288 70 370 364 1
PNGImages/FudanPed00014.png 234 86 405 367 1
PNGImages/PennPed00069.png 59 44 149 330 1 169 40 269 310 1
PNGImages/FudanPed00006.png 208 108 346 385 1 2 108 87 384 1
PNGImages/PennPed00045.png 70 64 193 365 1 226 65 321 360 1 324 67 436 347 1 526 45 639 348 1 425 67 485 217 1 494 62 548 214 1
PNGImages/PennPed00019.png 17 78 106 356 1 160 70 249 361 1 315 60 390 364 1 368 47 474 370 1 464 75 539 362 1 525 80 639 375 1 600 78 704 375 1
PNGImages/PennPed00047.png 116 57 253 336 1 246 33 381 320 1 362 42 427 194 1
PNGImages/PennPed00063.png 88 50 262 339 1
PNGImages/PennPed00091.png 212 26 336 321 1
PNGImages/PennPed00050.png 91 41 196 291 1
PNGImages/PennPed00075.png 194 23 335 308 1
PNGImages/PennPed00023.png 107 60 275 363 1
PNGImages/FudanPed00052.png 206 189 308 492 1
PNGImages/PennPed00051.png 38 52 203 326 1 314 67 481 365 1 459 34 587 373 1 554 67 628 339 1
PNGImages/PennPed00043.png 189 47 297 334 1 332 63 434 328 1 142 78 199 254 1 282 78 328 253 1 430 73 456 154 1
PNGImages/FudanPed00023.png 202 84 341 366 1
PNGImages/PennPed00014.png 127 40 206 229 1 209 69 312 337 1 354 60 448 337 1 286 41 353 225 1
PNGImages/PennPed00055.png 96 51 208 341 1 29 8 122 283 1
PNGImages/PennPed00010.png 18 59 103 340 1 186 56 262 337 1 309 141 437 493 1 475 76 619 451 1 392 58 485 421 1 563 36 681 394 1
PNGImages/PennPed00073.png 98 38 191 326 1 182 46 277 340 1 316 51 413 331 1
PNGImages/FudanPed00038.png 219 44 400 331 1
PNGImages/PennPed00093.png 51 6 222 302 1
PNGImages/FudanPed00045.png 198 198 294 481 1 319 201 404 499 1 395 212 469 495 1
PNGImages/PennPed00001.png 83 66 197 353 1 265 75 355 338 1 403 38 501 348 1 514 65 610 318 1 206 25 266 196 1
PNGImages/PennPed00038.png 232 39 368 316 1
PNGImages/PennPed00065.png 24 21 139 304 1
PNGImages/PennPed00033.png 32 37 126 370 1 110 50 214 376 1 392 70 519 368 1 274 149 389 333 1
PNGImages/PennPed00064.png 226 29 334 314 1
PNGImages/FudanPed00029.png 246 72 368 351 1
PNGImages/PennPed00026.png 303 94 447 382 1 200 120 291 373 1
PNGImages/PennPed00024.png 71 58 170 350 1
PNGImages/FudanPed00031.png 298 122 444 408 1
PNGImages/FudanPed00071.png 121 44 246 330 1 256 37 339 348 1 226 52 255 119 1
PNGImages/PennPed00028.png 211 50 325 334 1
PNGImages/PennPed00007.png 42 60 165 350 1 127 83 201 359 1 187 76 309 369 1 299 76 381 400 1 426 68 527 343 1
PNGImages/PennPed00022.png 30 118 167 413 1 120 149 257 413 1 216 152 354 416 1 705 129 839 390 1 345 162 424 342 1
PNGImages/PennPed00058.png 167 27 245 316 1 228 31 307 291 1 321 65 452 351 1 295 22 374 274 1
PNGImages/FudanPed00072.png 48 40 139 332 1
